445
1: 2 12.415 
2: 388 75.627 3 12.844999999999999 
3: 57 16.045 
4: 56 8.337 
5: 217 32.239999999999995 215 43.055 
6: 331 29.659999999999997 7 11.82 
7: 13 9.876000000000001 
8: 333 17.819 360 11.414 
9: 36 15.581 317 7.245 
10: 309 30.35 310 79.52799999999999 
11: 8 4.652 
12: 6 10.766 
13: 334 111.205 11 13.217 
14: 359 59.532 12 13.517 
15: 372 64.506 17 11.843 
16: 375 54.466 20 11.282 
17: 18 13.512 
18: 109 37.694 374 9.379 
19: 36 8.91 9 16.765 
20: 19 11.097000000000001 
21: 367 122.90900000000002 315 42.342999999999996 66 131.907 
22: 66 21.431 
23: 130 154.714 
24: 129 65.934 173 67.678 128 112.446 
25: 125 121.62499999999999 376 16.863 
26: 25 19.308 72 131.607 
27: 29 64.699 
28: 387 24.397 406 74.698 133 137.20999999999998 27 25.686999999999998 
29: 207 132.849 28 81.399 
30: 5 42.714999999999996 207 305.543 
31: 30 43.552 
32: 266 70.434 356 68.348 
33: 283 42.626999999999995 53 33.162 
34: 114 106.548 119 233.793 356 101.711 
35: 67 69.604 422 134.295 258 65.214 
36: 15 4.401999999999999 
37: 434 10.348 96 49.125 
38: 370 346.9580000000001 359 372.6 375 284.05 
39: 236 231.454 68 75.62700000000001 246 71.773 
40: 93 130.165 256 126.431 
41: 40 16.905 54 34.692 
42: 270 27.5 67 222.734 
43: 305 93.715 365 40.528 
44: 135 72.39600000000002 323 60.89500000000001 334 456.2939999999999 411 392.30199999999996 
45: 424 1.753 409 20.278 226 29.966 
46: 95 89.13 273 92.008 247 217.86400000000003 89 159.46699999999998 
47: 49 124.078 
48: 50 184.076 49 433.706 124 183.685 
49: 48 433.706 50 73.254 47 124.078 
50: 48 184.07600000000002 49 73.254 
51: 370 2.708 63 368.221 371 49.236000000000004 
52: 351 529.377 347 141.053 327 544.737 
53: 302 153.223 308 293.73999999999995 33 33.162 
54: 254 11.203 41 34.692 
55: 1 45.053 205 122.362 
56: 55 46.21 1 15.066999999999998 
57: 421 98.88100000000001 59 14.459000000000001 
58: 357 83.824 4 13.221 
59: 58 15.081 
60: 237 179.07600000000002 421 16.344 277 684.9850000000001 224 47.809 
61: 79 224.77500000000003 132 151.46699999999998 186 40.718 387 220.685 
62: 113 139.043 335 91.283 336 68.718 
63: 123 18.658 51 368.22099999999995 122 51.379 
64: 287 134.04500000000002 296 38.436 
65: 41 112.44800000000001 250 21.528999999999996 
66: 22 21.431 64 130.057 21 131.907 
67: 35 69.736 389 245.96699999999998 42 222.734 
68: 250 197.846 86 35.783 39 75.62700000000001 
69: 419 15.991 380 279.58500000000004 
70: 242 17.71 231 158.728 443 204.591 
71: 408 174.966 256 67.839 381 17.71 
72: 396 133.459 26 131.60700000000003 170 158.122 
73: 133 72.92800000000001 
74: 77 12.595 376 597.281 152 75.367 
75: 126 172.053 76 83.94999999999999 
76: 143 18.026 140 23.958 75 83.95 
77: 74 12.595 169 130.998 178 197.46599999999998 
78: 180 45.641999999999996 169 128.274 379 174.55699999999996 
79: 380 22.283 61 224.77499999999998 379 26.213 
80: 81 49.582 130 70.532 378 60.29 
81: 187 47.828 80 49.582 194 82.089 
82: 193 54.998 189 47.06 187 51.108 129 80.88 
83: 191 80.493 198 89.601 183 119.71000000000001 
84: 198 155.244 206 71.462 212 117.67399999999999 
85: 214 162.649 225 76.00500000000001 212 78.123 
86: 216 223.70400000000004 225 150.165 68 35.783 
87: 233 53.938 245 96.1 240 72.881 
88: 90 401.691 
89: 91 85.174 46 159.46699999999998 436 113.317 
90: 88 401.691 92 29.412 
91: 89 85.174 95 160.888 100 277.642 
92: 264 163.416 90 29.412 445 59.019999999999996 
93: 381 77.526 42 66.486 
94: 412 6.911 273 50.111000000000004 260 127.528 
95: 97 48.671 91 160.888 
96: 445 8.593 389 13.18 
97: 100 67.034 95 48.671 98 67.616 
98: 413 6.202 97 67.616 281 70.813 
99: 104 117.036 364 55.774 
100: 97 67.034 101 25.352 91 277.642 
101: 100 25.352 
102: 67 134.725 295 78.58600000000001 
103: 99 129.33599999999998 105 46.611000000000004 
104: 390 9.702 
105: 390 22.471 106 31.383 103 46.611 
106: 105 31.383 107 73.122 305 92.339 
107: 106 73.122 300 30.833 
108: 293 370.88899999999995 123 55.534 109 160.26200000000003 
109: 108 160.262 374 35.995 
110: 111 106.339 113 234.203 319 80.465 
111: 399 15.01 397 119.337 110 106.33900000000001 
112: 368 164.10899999999998 324 149.63799999999998 331 102.806 
113: 397 141.75300000000001 62 139.043 110 234.20299999999997 
114: 115 107.13 117 124.744 34 106.548 
115: 117 60.218 114 107.13 284 151.118 
116: 118 62.159 284 3.457 286 69.167 
117: 115 60.218 119 65.608 118 157.876 114 124.74399999999999 
118: 116 62.159 292 69.341 121 60.317 117 157.876 
119: 117 65.608 121 167.60399999999998 34 233.793 
120: 290 62.622 288 27.436 122 61.07 
121: 118 60.317 123 264.69700000000006 119 167.60399999999998 
122: 292 208.45 120 61.07 63 51.379 
123: 63 18.658 121 264.69699999999995 108 55.534 
124: 48 183.685 125 56.269000000000005 
125: 137 170.089 25 121.62499999999999 124 56.269000000000005 
126: 75 172.05300000000003 
127: 128 47.139 165 87.78200000000001 377 62.696999999999996 
128: 127 47.139 130 102.644 24 112.446 
129: 24 65.934 82 80.88 167 138.92000000000002 
130: 80 70.532 23 154.714 128 102.644 
131: 132 181.33 
132: 133 249.027 61 151.467 131 181.33 
133: 28 137.21 73 72.928 132 249.027 
134: 386 18.235 406 512.062 
135: 136 288.099 332 411.579 44 72.396 
136: 135 288.099 340 281.779 
137: 125 170.089 
138: 142 160.881 140 77.581 
139: 145 124.518 
140: 76 23.958 142 92.80199999999999 138 77.581 
141: 144 34.793 
142: 144 110.41900000000001 140 92.802 138 160.881 
143: 76 18.026 146 127.28999999999999 149 81.021 
144: 145 117.39600000000002 142 110.419 141 34.793000000000006 147 63.711000000000006 
145: 144 117.39599999999999 139 124.518 150 69.137 
146: 143 127.29 
147: 148 0.986 414 83.177 144 63.711000000000006 
148: 147 0.986 150 136.614 151 66.80199999999999 
149: 156 157.97 152 66.2 143 81.021 
150: 148 136.61400000000003 172 294.01099999999997 145 69.137 154 61.003 
151: 153 29.324 155 115.082 148 66.80199999999999 
152: 156 95.43100000000001 74 75.367 149 66.2 
153: 151 29.324 157 100.216 158 35.155 
154: 155 9.951 159 70.75 150 61.003 
155: 154 9.951 151 115.082 161 68.51599999999999 
156: 157 61.983000000000004 152 95.431 149 157.97 
157: 158 56.559 156 61.983 153 100.216 
158: 161 93.88600000000001 157 56.559000000000005 153 35.155 162 37.652 
159: 154 70.75 
160: 164 97.47 
161: 166 109.3 158 93.88600000000001 155 68.51599999999999 163 33.316 
162: 158 37.652 
163: 161 33.316 
164: 170 191.51299999999998 160 97.47 369 176.39100000000002 
165: 127 87.78200000000001 
166: 161 109.30000000000001 
167: 129 138.92000000000002 
168: 172 166.92899999999997 
169: 77 130.998 
170: 164 191.51299999999998 183 151.978 72 158.122 
171: 177 71.46199999999999 
172: 168 166.929 200 397.24999999999994 150 294.011 
173: 24 67.678 
174: 175 30.776 
175: 174 30.776 177 14.831999999999999 179 52.436 
176: 216 698.994 199 386.731 
177: 175 14.831999999999999 180 15.556000000000001 171 71.462 
178: 77 197.466 186 97.764 
179: 175 52.436 
180: 177 15.556000000000001 78 45.642 185 105.036 
181: 182 27.918 
182: 184 37.207 183 103.7 181 27.918 
183: 182 103.7 170 151.978 83 119.71 
184: 182 37.207 
185: 180 105.03599999999999 
186: 61 40.718 178 97.541 
187: 192 54.162 82 51.108 81 47.828 
188: 194 127.35900000000001 
189: 195 57.191 190 46.471 82 47.06 
190: 196 60.809 191 44.469 189 46.471 
191: 83 80.493 190 44.469 197 56.956 
192: 187 54.162 
193: 82 54.998 
194: 198 326.952 188 127.35900000000001 81 82.089 
195: 189 57.191 
196: 190 60.809 
197: 191 56.956 
198: 194 326.952 84 155.244 83 89.601 
199: 176 386.73099999999994 
200: 172 397.25 420 15.472999999999999 
201: 223 303.73699999999997 208 313.08599999999996 
202: 418 9.914 
203: 205 23.866 202 9.917 
204: 206 58.623 
205: 202 22.568 55 122.36200000000001 
206: 204 58.623 84 71.462 211 118.798 
207: 406 293.86499999999995 29 132.849 30 305.543 
208: 201 313.086 
209: 430 90.334 
210: 213 258.909 
211: 212 91.601 206 118.798 
212: 85 78.123 84 117.67399999999999 
213: 210 258.909 241 300.94 415 132.459 
214: 85 162.649 
215: 4 61.04600000000001 
216: 176 698.9939999999999 86 223.704 395 192.294 
217: 215 27.988 219 4.862 
218: 217 5.211 31 30.584 
219: 220 4.775 218 4.391 
220: 45 59.43000000000001 
221: 
222: 31 49.74300000000001 218 40.707 
223: 232 290.21700000000004 234 268.88100000000003 235 179.51999999999998 201 303.73699999999997 
224: 221 60.82600000000001 60 47.809 
225: 228 122.431 86 150.165 85 76.005 
226: 230 137.3 227 96.776 45 29.966 
227: 226 96.776 
228: 225 122.431 
229: 231 75.327 
230: 226 137.3 
231: 229 75.327 70 158.728 361 126.224 
232: 223 290.21700000000004 
233: 87 53.938 238 124.26499999999999 409 229.84 
234: 223 268.881 241 76.50300000000001 239 108.184 
235: 248 334.28499999999997 239 30.625 223 179.52 
236: 39 231.454 
237: 363 41.674 362 189.07199999999997 60 179.076 
238: 362 37.915 244 152.91400000000002 233 124.265 
239: 257 253.697 235 30.625 234 108.18400000000001 
240: 242 66.941 245 110.37 87 72.881 
241: 234 76.503 257 261.90500000000003 213 300.94 
242: 70 17.71 240 66.941 247 160.898 
243: 251 436.226 
244: 363 36.742 238 152.914 260 253.23399999999998 
245: 240 110.37 87 96.1 247 52.469 
246: 39 71.773 251 57.982 
247: 46 217.864 242 160.898 245 52.469 
248: 235 334.285 
249: 258 485.3400000000001 
250: 246 120.73599999999999 65 21.528999999999996 68 197.846 
251: 243 436.226 246 57.982 258 92.483 
252: 261 147.314 
253: 410 175.21299999999997 407 144.37800000000001 
254: 65 64.266 255 54.702 
255: 254 54.702 
256: 253 33.248999999999995 
257: 239 253.69699999999997 259 15.711 241 261.90500000000003 
258: 249 485.34000000000003 251 92.483 35 65.214 
259: 269 139.912 261 103.439 257 15.711 
260: 244 253.234 412 126.36000000000001 
261: 262 15.029 252 147.314 259 103.43900000000001 
262: 261 15.029 294 357.896 268 206.35700000000003 
263: 274 56.327 268 222.88500000000005 
264: 92 163.416 
265: 266 295.489 
266: 32 70.434 265 295.489 280 445.867 
267: 71 14.478 381 17.802999999999997 
268: 263 222.88500000000002 274 225.30200000000002 262 206.35699999999997 
269: 259 139.91200000000003 
270: 54 114.62100000000001 
271: 255 130.50500000000002 270 52.49 
272: 275 89.598 
273: 46 92.008 94 50.111 
274: 263 56.327 268 225.30199999999996 291 214.218 
275: 272 89.59799999999998 383 33.521 278 30.903999999999996 
276: 278 105.96499999999999 
277: 60 684.985 282 75.99000000000001 412 39.157 
278: 275 30.904 280 11.129999999999999 276 105.965 
279: 287 98.60900000000001 296 250.50099999999998 
280: 385 111.04 278 11.129999999999999 266 445.86699999999996 
281: 273 50.667 94 26.265 
282: 330 907.9369999999999 289 385.804 277 75.99 
283: 285 94.187 356 88.84200000000001 33 42.627 
284: 115 151.118 116 3.457 290 338.46299999999997 
285: 283 94.187 
286: 116 69.167 292 65.074 290 147.18200000000002 
287: 279 98.609 267 248.489 
288: 434 82.158 120 27.436 
289: 282 385.80400000000003 
290: 120 62.622 286 147.18200000000002 284 338.4629999999999 
291: 294 286.614 274 214.218 299 96.8 
292: 286 65.074 118 69.341 122 208.45 
293: 108 370.889 
294: 403 104.835 291 286.614 314 272.342 262 357.89599999999996 
295: 288 289.983 297 34.115 102 78.58600000000001 
296: 43 129.39300000000003 64 38.436 
297: 298 19.415 295 34.115 301 15.432 
298: 107 36.024 
299: 291 96.8 
300: 301 21.506 306 30.991 
301: 298 16.612000000000002 306 22.883 297 15.432 
302: 53 153.223 309 222.667 326 356.86300000000006 
303: 307 164.95 
304: 305 81.74799999999999 
305: 304 81.74799999999999 43 93.71499999999999 106 92.339 
306: 301 22.883 307 35.755 
307: 371 30.142 303 164.95000000000002 306 35.755 
308: 310 10.158 311 196.36099999999996 53 293.74 
309: 302 222.66700000000003 10 30.35 444 274.789 
310: 308 10.158 10 79.52799999999999 372 189.03 
311: 308 196.361 
312: 314 104.232 
313: 318 379.67600000000004 
314: 316 125.267 294 272.34200000000004 312 104.232 
315: 323 266.448 324 92.428 21 42.342999999999996 
316: 314 125.267 
317: 318 14.403 401 73.681 9 7.245 
318: 399 84.737 317 14.403 313 379.6759999999999 
319: 110 80.465 320 96.98800000000001 329 198.825 
320: 325 82.366 319 96.988 322 101.68599999999999 
321: 327 90.32800000000002 401 96.133 
322: 320 101.68599999999999 
323: 44 60.894999999999996 
324: 328 165.61700000000002 112 149.638 315 92.428 
325: 320 82.366 
326: 302 356.863 
327: 321 299.529 52 544.737 
328: 324 165.617 
329: 319 198.825 
330: 282 907.9370000000001 
331: 112 102.80599999999998 7 29.37 
332: 135 411.57900000000006 
333: 341 211.991 360 16.191000000000003 
334: 11 113.265 44 456.29400000000004 
335: 62 91.28299999999999 339 79.368 
336: 342 183.31099999999998 337 67.797 62 68.71799999999999 
337: 336 67.797 
338: 339 51.763 
339: 343 51.186 335 79.368 338 51.763 
340: 136 281.779 
341: 354 262.232 333 211.991 351 435.038 
342: 336 183.311 343 72.865 344 161.792 
343: 349 115.083 339 51.186 342 72.865 
344: 342 161.792 
345: 348 122.238 
346: 348 821.8400000000001 
347: 52 141.053 348 118.47 
348: 345 122.238 347 118.47 346 821.8399999999999 
349: 343 115.083 
350: 353 99.376 
351: 341 435.03799999999995 352 111.802 52 529.377 
352: 353 41.14 355 80.63000000000001 351 111.802 
353: 352 41.14 350 99.376 354 40.544 
354: 341 262.232 353 40.544 
355: 352 80.63 
356: 34 101.711 32 68.348 283 88.84200000000001 
357: 219 7.095 220 9.969 221 28.468999999999998 
358: 104 40.132 
359: 38 372.59999999999997 12 58.413000000000004 
360: 14 8.924 
361: 231 126.224 
362: 237 189.072 238 37.915 363 155.354 
363: 237 41.674 244 36.742 362 155.354 
364: 99 55.774 
365: 43 40.528 367 9.152 
366: 365 7.871999999999999 373 222.05200000000002 
367: 21 122.90899999999999 368 8.248000000000001 
368: 112 164.109 366 7.737 
369: 164 176.39100000000002 
370: 373 4.55 51 2.708 38 346.9579999999999 
371: 307 30.142 373 48.161 
372: 310 189.02999999999997 17 64.269 
373: 370 4.55 366 222.052 
374: 16 4.149 
375: 20 55.091 38 284.04999999999995 
376: 26 19.189 74 597.2810000000002 
377: 127 62.696999999999996 
378: 80 60.29 
379: 380 25.634 78 174.55700000000002 
380: 79 22.283 69 279.58500000000004 
381: 93 77.526 71 17.71 
382: 200 13.993 420 10.578 
383: 275 33.521 
384: 385 85.125 
385: 280 111.04 445 136.314 384 85.125 
386: 440 184.203 
387: 28 24.397 27 20.987 61 220.685 
388: 428 314.697 3 73.447 
389: 37 51.04 67 245.967 96 13.18 
390: 105 22.471 
391: 393 62.598 
392: 393 48.028999999999996 
393: 391 62.598 394 25.0 392 48.028999999999996 
394: 393 25.0 22 347.33 
395: 216 192.294 
396: 72 133.459 
397: 111 119.33699999999999 113 141.753 398 170.62099999999998 
398: 399 34.249 397 170.62099999999998 400 102.468 
399: 318 84.737 111 15.01 398 34.249 
400: 398 102.46799999999999 
401: 321 96.133 317 73.681 402 91.247 
402: 401 91.24700000000001 
403: 294 104.835 
404: 426 235.339 
405: 442 12.14 410 57.321 
406: 28 74.69800000000001 134 512.0620000000001 207 293.865 
407: 134 27.341 386 18.439999999999998 
408: 71 174.966 410 12.51 394 126.052 
409: 424 20.349 233 229.84 
410: 408 12.51 405 57.321 
411: 44 392.3020000000001 98 172.906 
412: 94 6.911 413 97.543 277 39.157 
413: 98 6.202 411 173.27200000000002 
414: 147 83.177 
415: 416 29.136 213 132.459 
416: 429 10.785 
417: 427 19.680000000000003 
418: 69 19.223 419 11.885000000000002 
419: 382 2.968 
420: 203 9.261000000000001 
421: 60 16.344 59 94.648 
422: 271 3.26 423 39.346 
423: 422 39.346 
424: 45 1.753 222 20.053 
425: 433 9.439 428 39.629999999999995 
426: 432 35.352000000000004 404 235.339 
427: 426 37.497 432 10.996 
428: 433 33.066 388 314.697 
429: 430 85.89099999999999 417 10.517 
430: 425 34.761 209 90.334 
431: 415 30.045 416 9.402 
432: 431 15.094000000000001 
433: 417 129.597 
434: 288 82.158 37 10.348 102 257.611 
435: 436 22.256999999999998 437 10.079 
436: 89 113.31700000000001 437 23.921 
437: 439 18.064999999999998 
438: 435 7.781000000000001 
439: 405 11.472 442 4.044 
440: 441 14.629999999999999 
441: 443 23.877999999999997 438 8.609 
442: 440 6.125 
443: 70 204.591 438 24.454 
444: 309 274.789 
445: 96 8.593 385 136.314 92 59.019999999999996 
---
17 230 99 170 383 100 235 250 338 300 
---
327 240 279 200 398 200 386 170 342 310 
