303 307 306 301 297 295 102 434 37 389 67 35 258 251 246 39 68 86 225 85 212 84 198 83 183 170 72 26 376 25 125 2771.06
161 158 157 156 152 74 376 25 125 1119
131 132 61 186 178 77 74 376 25 125 1417.11
168 172 150 154 155 161 158 157 156 152 74 376 25 125 1719.41
328 324 315 21 66 22 394 408 410 253 256 40 41 65 250 68 86 225 85 212 84 198 83 183 170 72 26 376 25 125 3044.93
260 244 363 237 60 421 57 3 2 1 55 205 203 420 382 419 69 380 79 61 186 178 77 74 376 25 125 2508.29
255 254 54 41 65 250 68 86 225 85 212 84 198 83 183 170 72 26 376 25 125 1854.11
303 307 306 301 297 295 102 434 37 389 67 35 258 251 246 39 68 86 225 85 212 1689.45
161 158 157 156 152 74 376 25 26 72 170 183 83 198 84 212 1940.61
131 132 133 28 406 134 407 253 256 40 41 65 250 68 86 225 85 212 2174.53
168 172 150 154 155 161 158 157 156 152 74 376 25 26 72 170 183 83 198 84 212 2541.02
328 324 315 21 66 22 394 408 410 253 256 40 41 65 250 68 86 225 85 212 1963.31
260 94 273 46 89 436 435 438 441 440 442 405 410 253 256 40 41 65 250 68 86 225 85 212 1694.99
255 254 54 41 65 250 68 86 225 85 212 772.496
303 307 306 301 297 295 102 434 37 389 67 42 93 381 71 1301.14
161 158 157 156 152 74 77 178 186 61 387 28 406 134 407 253 256 71 1836.2
131 132 133 28 406 134 407 253 256 71 1427.13
168 172 200 382 419 418 202 205 55 56 4 215 217 218 222 424 409 233 87 240 242 70 443 441 440 442 405 410 408 71 1925.24
328 324 315 21 66 22 394 408 71 1102.07
260 94 273 46 89 436 435 438 441 440 442 405 410 408 71 858.77
255 254 54 270 42 93 381 71 369.748
303 307 371 51 63 123 108 109 847.003
161 158 157 156 152 74 77 178 186 61 387 28 406 134 407 253 256 40 41 54 270 42 67 389 96 37 434 288 120 122 63 123 108 109 3086.36
131 132 133 28 406 134 407 253 256 40 41 54 270 42 67 389 96 37 434 288 120 122 63 123 108 109 2677.3
168 172 200 382 419 418 202 205 55 56 4 215 217 218 222 424 409 233 87 240 242 70 443 441 440 442 405 410 253 256 40 41 54 270 42 67 389 96 37 434 288 120 122 63 123 108 109 3264.23
328 324 112 331 6 12 359 38 375 16 374 109 1268.16
260 94 281 98 411 44 323 315 21 367 365 366 373 370 51 63 123 108 109 2131.42
255 271 422 35 67 389 96 37 434 288 120 122 63 123 108 109 1112.91
303 307 371 51 63 123 108 109 18 17 15 36 9 317 401 321 327 52 347 348 346 3032.72
161 158 157 156 152 74 77 178 186 61 387 28 406 134 407 253 256 71 267 287 64 66 21 315 324 112 331 6 12 14 360 333 341 351 52 347 348 346 5219.21
131 132 133 28 406 134 407 253 256 71 267 287 64 66 21 315 324 112 331 6 12 14 360 333 341 351 52 347 348 346 4810.15
168 172 200 382 419 418 202 205 55 56 4 58 59 421 60 237 363 244 260 94 281 98 411 44 334 13 7 6 12 14 360 333 341 351 52 347 348 346 5138.61
328 324 112 331 6 12 14 360 333 341 351 52 347 348 346 2754.89
260 94 281 98 411 44 334 13 7 6 12 14 360 333 341 351 52 347 348 346 3686.18
255 271 422 35 67 389 96 37 434 288 120 122 63 123 108 109 18 17 15 36 9 317 401 321 327 52 347 348 346 3298.63
---
0
200
90
20
0
0
0
0
0
0
0
0
0
190
0
0
30
0
0
290
80
320
0
0
0
0
0
20
0
0
0
0
380
10
0
---
