357 58 59 57 3 2 1 55 205 203 420 382 419 69 380 79 61 186 178 77 74 152 1335.3
99 103 105 106 305 43 296 64 66 22 394 408 410 405 439 437 435 438 441 440 386 134 406 28 387 61 186 178 77 74 152 2784.74
92 445 96 389 67 42 93 381 71 408 410 405 439 437 435 438 441 440 386 134 406 28 387 61 186 178 77 74 152 2484.84
90 92 445 96 389 67 42 93 381 71 408 410 405 439 437 435 438 441 440 386 134 406 28 387 61 186 178 77 74 152 2514.25
353 354 341 333 8 11 13 7 331 112 324 315 21 66 22 394 408 410 405 439 437 435 438 441 440 386 134 406 28 387 61 186 178 77 74 152 3202.29
357 58 59 57 3 2 1 56 4 215 217 218 222 424 409 233 87 240 242 70 443 441 440 442 405 410 253 256 40 41 65 250 68 86 225 85 212 84 198 194 188 2864.35
99 103 105 106 107 298 297 295 102 434 37 389 67 35 258 251 246 39 68 86 225 85 212 84 198 194 188 2513.55
92 445 96 389 67 35 258 251 246 39 68 86 225 85 212 84 198 194 188 1826.75
90 92 445 96 389 67 35 258 251 246 39 68 86 225 85 212 84 198 194 188 1856.16
353 354 341 333 8 11 13 7 331 112 324 315 21 66 22 394 408 410 253 256 40 41 65 250 68 86 225 85 212 84 198 194 188 3367.07
357 58 59 57 3 2 1 55 199.722
99 103 105 106 305 43 296 64 66 22 394 408 410 405 439 437 435 438 443 70 242 240 87 233 409 45 220 357 58 59 57 3 2 1 55 2263.06
92 445 96 389 67 42 93 381 71 408 410 405 439 437 435 438 443 70 242 240 87 233 409 45 220 357 58 59 57 3 2 1 55 1963.16
90 92 445 96 389 67 42 93 381 71 408 410 405 439 437 435 438 443 70 242 240 87 233 409 45 220 357 58 59 57 3 2 1 55 1992.58
353 354 341 333 8 11 334 44 411 413 412 260 244 363 237 60 421 57 3 2 1 55 2608.58
357 58 59 421 60 237 363 244 260 94 281 98 411 44 334 13 7 6 12 14 360 333 341 354 353 352 2704.94
99 103 105 106 305 43 365 366 368 112 331 6 12 14 360 333 341 354 353 352 1351.4
92 445 96 37 434 288 295 297 301 300 107 106 305 43 365 366 368 112 331 6 12 14 360 333 341 354 353 352 1818.31
90 92 445 96 37 434 288 295 297 301 300 107 106 305 43 365 366 368 112 331 6 12 14 360 333 341 354 353 352 1847.72
353 352 41.14
---
60
0
60
0
0
0
0
170
0
0
250
0
0
0
0
0
0
0
0
120
---
