445
0: 1 12.415 
1: 387 75.627 2 12.844999999999999 
2: 56 16.045 
3: 55 8.337 
4: 216 32.239999999999995 214 43.055 
5: 330 29.659999999999997 6 11.82 
6: 12 9.876000000000001 
7: 332 17.819 359 11.414 
8: 35 15.581 316 7.245 
9: 308 30.35 309 79.52799999999999 
10: 7 4.652 
11: 5 10.766 
12: 333 111.205 10 13.217 
13: 358 59.532 11 13.517 
14: 371 64.506 16 11.843 
15: 374 54.466 19 11.282 
16: 17 13.512 
17: 108 37.694 373 9.379 
18: 35 8.91 8 16.765 
19: 18 11.097000000000001 
20: 366 122.90900000000002 314 42.342999999999996 65 131.907 
21: 65 21.431 
22: 129 154.714 
23: 128 65.934 172 67.678 127 112.446 
24: 124 121.62499999999999 375 16.863 
25: 24 19.308 71 131.607 
26: 28 64.699 
27: 386 24.397 405 74.698 132 137.20999999999998 26 25.686999999999998 
28: 206 132.849 27 81.399 
29: 4 42.714999999999996 206 305.543 
30: 29 43.552 
31: 265 70.434 355 68.348 
32: 282 42.626999999999995 52 33.162 
33: 113 106.548 118 233.793 355 101.711 
34: 66 69.604 421 134.295 257 65.214 
35: 14 4.401999999999999 
36: 433 10.348 95 49.125 
37: 369 346.9580000000001 358 372.6 374 284.05 
38: 235 231.454 67 75.62700000000001 245 71.773 
39: 92 130.165 255 126.431 
40: 39 16.905 53 34.692 
41: 269 27.5 66 222.734 
42: 304 93.715 364 40.528 
43: 134 72.39600000000002 322 60.89500000000001 333 456.2939999999999 410 392.30199999999996 
44: 423 1.753 408 20.278 225 29.966 
45: 94 89.13 272 92.008 246 217.86400000000003 88 159.46699999999998 
46: 48 124.078 
47: 49 184.076 48 433.706 123 183.685 
48: 47 433.706 49 73.254 46 124.078 
49: 47 184.07600000000002 48 73.254 
50: 369 2.708 62 368.221 370 49.236000000000004 
51: 350 529.377 346 141.053 326 544.737 
52: 301 153.223 307 293.73999999999995 32 33.162 
53: 253 11.203 40 34.692 
54: 0 45.053 204 122.362 
55: 54 46.21 0 15.066999999999998 
56: 420 98.88100000000001 58 14.459000000000001 
57: 356 83.824 3 13.221 
58: 57 15.081 
59: 236 179.07600000000002 420 16.344 276 684.9850000000001 223 47.809 
60: 78 224.77500000000003 131 151.46699999999998 185 40.718 386 220.685 
61: 112 139.043 334 91.283 335 68.718 
62: 122 18.658 50 368.22099999999995 121 51.379 
63: 286 134.04500000000002 295 38.436 
64: 40 112.44800000000001 249 21.528999999999996 
65: 21 21.431 63 130.057 20 131.907 
66: 34 69.736 388 245.96699999999998 41 222.734 
67: 249 197.846 85 35.783 38 75.62700000000001 
68: 418 15.991 379 279.58500000000004 
69: 241 17.71 230 158.728 442 204.591 
70: 407 174.966 255 67.839 380 17.71 
71: 395 133.459 25 131.60700000000003 169 158.122 
72: 132 72.92800000000001 
73: 76 12.595 375 597.281 151 75.367 
74: 125 172.053 75 83.94999999999999 
75: 142 18.026 139 23.958 74 83.95 
76: 73 12.595 168 130.998 177 197.46599999999998 
77: 179 45.641999999999996 168 128.274 378 174.55699999999996 
78: 379 22.283 60 224.77499999999998 378 26.213 
79: 80 49.582 129 70.532 377 60.29 
80: 186 47.828 79 49.582 193 82.089 
81: 192 54.998 188 47.06 186 51.108 128 80.88 
82: 190 80.493 197 89.601 182 119.71000000000001 
83: 197 155.244 205 71.462 211 117.67399999999999 
84: 213 162.649 224 76.00500000000001 211 78.123 
85: 215 223.70400000000004 224 150.165 67 35.783 
86: 232 53.938 244 96.1 239 72.881 
87: 89 401.691 
88: 90 85.174 45 159.46699999999998 435 113.317 
89: 87 401.691 91 29.412 
90: 88 85.174 94 160.888 99 277.642 
91: 263 163.416 89 29.412 444 59.019999999999996 
92: 380 77.526 41 66.486 
93: 411 6.911 272 50.111000000000004 259 127.528 
94: 96 48.671 90 160.888 
95: 444 8.593 388 13.18 
96: 99 67.034 94 48.671 97 67.616 
97: 412 6.202 96 67.616 280 70.813 
98: 103 117.036 363 55.774 
99: 96 67.034 100 25.352 90 277.642 
100: 99 25.352 
101: 66 134.725 294 78.58600000000001 
102: 98 129.33599999999998 104 46.611000000000004 
103: 389 9.702 
104: 389 22.471 105 31.383 102 46.611 
105: 104 31.383 106 73.122 304 92.339 
106: 105 73.122 299 30.833 
107: 292 370.88899999999995 122 55.534 108 160.26200000000003 
108: 107 160.262 373 35.995 
109: 110 106.339 112 234.203 318 80.465 
110: 398 15.01 396 119.337 109 106.33900000000001 
111: 367 164.10899999999998 323 149.63799999999998 330 102.806 
112: 396 141.75300000000001 61 139.043 109 234.20299999999997 
113: 114 107.13 116 124.744 33 106.548 
114: 116 60.218 113 107.13 283 151.118 
115: 117 62.159 283 3.457 285 69.167 
116: 114 60.218 118 65.608 117 157.876 113 124.74399999999999 
117: 115 62.159 291 69.341 120 60.317 116 157.876 
118: 116 65.608 120 167.60399999999998 33 233.793 
119: 289 62.622 287 27.436 121 61.07 
120: 117 60.317 122 264.69700000000006 118 167.60399999999998 
121: 291 208.45 119 61.07 62 51.379 
122: 62 18.658 120 264.69699999999995 107 55.534 
123: 47 183.685 124 56.269000000000005 
124: 136 170.089 24 121.62499999999999 123 56.269000000000005 
125: 74 172.05300000000003 
126: 127 47.139 164 87.78200000000001 376 62.696999999999996 
127: 126 47.139 129 102.644 23 112.446 
128: 23 65.934 81 80.88 166 138.92000000000002 
129: 79 70.532 22 154.714 127 102.644 
130: 131 181.33 
131: 132 249.027 60 151.467 130 181.33 
132: 27 137.21 72 72.928 131 249.027 
133: 385 18.235 405 512.062 
134: 135 288.099 331 411.579 43 72.396 
135: 134 288.099 339 281.779 
136: 124 170.089 
137: 141 160.881 139 77.581 
138: 144 124.518 
139: 75 23.958 141 92.80199999999999 137 77.581 
140: 143 34.793 
141: 143 110.41900000000001 139 92.802 137 160.881 
142: 75 18.026 145 127.28999999999999 148 81.021 
143: 144 117.39600000000002 141 110.419 140 34.793000000000006 146 63.711000000000006 
144: 143 117.39599999999999 138 124.518 149 69.137 
145: 142 127.29 
146: 147 0.986 413 83.177 143 63.711000000000006 
147: 146 0.986 149 136.614 150 66.80199999999999 
148: 155 157.97 151 66.2 142 81.021 
149: 147 136.61400000000003 171 294.01099999999997 144 69.137 153 61.003 
150: 152 29.324 154 115.082 147 66.80199999999999 
151: 155 95.43100000000001 73 75.367 148 66.2 
152: 150 29.324 156 100.216 157 35.155 
153: 154 9.951 158 70.75 149 61.003 
154: 153 9.951 150 115.082 160 68.51599999999999 
155: 156 61.983000000000004 151 95.431 148 157.97 
156: 157 56.559 155 61.983 152 100.216 
157: 160 93.88600000000001 156 56.559000000000005 152 35.155 161 37.652 
158: 153 70.75 
159: 163 97.47 
160: 165 109.3 157 93.88600000000001 154 68.51599999999999 162 33.316 
161: 157 37.652 
162: 160 33.316 
163: 169 191.51299999999998 159 97.47 368 176.39100000000002 
164: 126 87.78200000000001 
165: 160 109.30000000000001 
166: 128 138.92000000000002 
167: 171 166.92899999999997 
168: 76 130.998 
169: 163 191.51299999999998 182 151.978 71 158.122 
170: 176 71.46199999999999 
171: 167 166.929 199 397.24999999999994 149 294.011 
172: 23 67.678 
173: 174 30.776 
174: 173 30.776 176 14.831999999999999 178 52.436 
175: 215 698.994 198 386.731 
176: 174 14.831999999999999 179 15.556000000000001 170 71.462 
177: 76 197.466 185 97.764 
178: 174 52.436 
179: 176 15.556000000000001 77 45.642 184 105.036 
180: 181 27.918 
181: 183 37.207 182 103.7 180 27.918 
182: 181 103.7 169 151.978 82 119.71 
183: 181 37.207 
184: 179 105.03599999999999 
185: 60 40.718 177 97.541 
186: 191 54.162 81 51.108 80 47.828 
187: 193 127.35900000000001 
188: 194 57.191 189 46.471 81 47.06 
189: 195 60.809 190 44.469 188 46.471 
190: 82 80.493 189 44.469 196 56.956 
191: 186 54.162 
192: 81 54.998 
193: 197 326.952 187 127.35900000000001 80 82.089 
194: 188 57.191 
195: 189 60.809 
196: 190 56.956 
197: 193 326.952 83 155.244 82 89.601 
198: 175 386.73099999999994 
199: 171 397.25 419 15.472999999999999 
200: 222 303.73699999999997 207 313.08599999999996 
201: 417 9.914 
202: 204 23.866 201 9.917 
203: 205 58.623 
204: 201 22.568 54 122.36200000000001 
205: 203 58.623 83 71.462 210 118.798 
206: 405 293.86499999999995 28 132.849 29 305.543 
207: 200 313.086 
208: 429 90.334 
209: 212 258.909 
210: 211 91.601 205 118.798 
211: 84 78.123 83 117.67399999999999 
212: 209 258.909 240 300.94 414 132.459 
213: 84 162.649 
214: 3 61.04600000000001 
215: 175 698.9939999999999 85 223.704 394 192.294 
216: 214 27.988 218 4.862 
217: 216 5.211 30 30.584 
218: 219 4.775 217 4.391 
219: 44 59.43000000000001 
220: 
221: 30 49.74300000000001 217 40.707 
222: 231 290.21700000000004 233 268.88100000000003 234 179.51999999999998 200 303.73699999999997 
223: 220 60.82600000000001 59 47.809 
224: 227 122.431 85 150.165 84 76.005 
225: 229 137.3 226 96.776 44 29.966 
226: 225 96.776 
227: 224 122.431 
228: 230 75.327 
229: 225 137.3 
230: 228 75.327 69 158.728 360 126.224 
231: 222 290.21700000000004 
232: 86 53.938 237 124.26499999999999 408 229.84 
233: 222 268.881 240 76.50300000000001 238 108.184 
234: 247 334.28499999999997 238 30.625 222 179.52 
235: 38 231.454 
236: 362 41.674 361 189.07199999999997 59 179.076 
237: 361 37.915 243 152.91400000000002 232 124.265 
238: 256 253.697 234 30.625 233 108.18400000000001 
239: 241 66.941 244 110.37 86 72.881 
240: 233 76.503 256 261.90500000000003 212 300.94 
241: 69 17.71 239 66.941 246 160.898 
242: 250 436.226 
243: 362 36.742 237 152.914 259 253.23399999999998 
244: 239 110.37 86 96.1 246 52.469 
245: 38 71.773 250 57.982 
246: 45 217.864 241 160.898 244 52.469 
247: 234 334.285 
248: 257 485.3400000000001 
249: 245 120.73599999999999 64 21.528999999999996 67 197.846 
250: 242 436.226 245 57.982 257 92.483 
251: 260 147.314 
252: 409 175.21299999999997 406 144.37800000000001 
253: 64 64.266 254 54.702 
254: 253 54.702 
255: 252 33.248999999999995 
256: 238 253.69699999999997 258 15.711 240 261.90500000000003 
257: 248 485.34000000000003 250 92.483 34 65.214 
258: 268 139.912 260 103.439 256 15.711 
259: 243 253.234 411 126.36000000000001 
260: 261 15.029 251 147.314 258 103.43900000000001 
261: 260 15.029 293 357.896 267 206.35700000000003 
262: 273 56.327 267 222.88500000000005 
263: 91 163.416 
264: 265 295.489 
265: 31 70.434 264 295.489 279 445.867 
266: 70 14.478 380 17.802999999999997 
267: 262 222.88500000000002 273 225.30200000000002 261 206.35699999999997 
268: 258 139.91200000000003 
269: 53 114.62100000000001 
270: 254 130.50500000000002 269 52.49 
271: 274 89.598 
272: 45 92.008 93 50.111 
273: 262 56.327 267 225.30199999999996 290 214.218 
274: 271 89.59799999999998 382 33.521 277 30.903999999999996 
275: 277 105.96499999999999 
276: 59 684.985 281 75.99000000000001 411 39.157 
277: 274 30.904 279 11.129999999999999 275 105.965 
278: 286 98.60900000000001 295 250.50099999999998 
279: 384 111.04 277 11.129999999999999 265 445.86699999999996 
280: 272 50.667 93 26.265 
281: 329 907.9369999999999 288 385.804 276 75.99 
282: 284 94.187 355 88.84200000000001 32 42.627 
283: 114 151.118 115 3.457 289 338.46299999999997 
284: 282 94.187 
285: 115 69.167 291 65.074 289 147.18200000000002 
286: 278 98.609 266 248.489 
287: 433 82.158 119 27.436 
288: 281 385.80400000000003 
289: 119 62.622 285 147.18200000000002 283 338.4629999999999 
290: 293 286.614 273 214.218 298 96.8 
291: 285 65.074 117 69.341 121 208.45 
292: 107 370.889 
293: 402 104.835 290 286.614 313 272.342 261 357.89599999999996 
294: 287 289.983 296 34.115 101 78.58600000000001 
295: 42 129.39300000000003 63 38.436 
296: 297 19.415 294 34.115 300 15.432 
297: 106 36.024 
298: 290 96.8 
299: 300 21.506 305 30.991 
300: 297 16.612000000000002 305 22.883 296 15.432 
301: 52 153.223 308 222.667 325 356.86300000000006 
302: 306 164.95 
303: 304 81.74799999999999 
304: 303 81.74799999999999 42 93.71499999999999 105 92.339 
305: 300 22.883 306 35.755 
306: 370 30.142 302 164.95000000000002 305 35.755 
307: 309 10.158 310 196.36099999999996 52 293.74 
308: 301 222.66700000000003 9 30.35 443 274.789 
309: 307 10.158 9 79.52799999999999 371 189.03 
310: 307 196.361 
311: 313 104.232 
312: 317 379.67600000000004 
313: 315 125.267 293 272.34200000000004 311 104.232 
314: 322 266.448 323 92.428 20 42.342999999999996 
315: 313 125.267 
316: 317 14.403 400 73.681 8 7.245 
317: 398 84.737 316 14.403 312 379.6759999999999 
318: 109 80.465 319 96.98800000000001 328 198.825 
319: 324 82.366 318 96.988 321 101.68599999999999 
320: 326 90.32800000000002 400 96.133 
321: 319 101.68599999999999 
322: 43 60.894999999999996 
323: 327 165.61700000000002 111 149.638 314 92.428 
324: 319 82.366 
325: 301 356.863 
326: 320 299.529 51 544.737 
327: 323 165.617 
328: 318 198.825 
329: 281 907.9370000000001 
330: 111 102.80599999999998 6 29.37 
331: 134 411.57900000000006 
332: 340 211.991 359 16.191000000000003 
333: 10 113.265 43 456.29400000000004 
334: 61 91.28299999999999 338 79.368 
335: 341 183.31099999999998 336 67.797 61 68.71799999999999 
336: 335 67.797 
337: 338 51.763 
338: 342 51.186 334 79.368 337 51.763 
339: 135 281.779 
340: 353 262.232 332 211.991 350 435.038 
341: 335 183.311 342 72.865 343 161.792 
342: 348 115.083 338 51.186 341 72.865 
343: 341 161.792 
344: 347 122.238 
345: 347 821.8400000000001 
346: 51 141.053 347 118.47 
347: 344 122.238 346 118.47 345 821.8399999999999 
348: 342 115.083 
349: 352 99.376 
350: 340 435.03799999999995 351 111.802 51 529.377 
351: 352 41.14 354 80.63000000000001 350 111.802 
352: 351 41.14 349 99.376 353 40.544 
353: 340 262.232 352 40.544 
354: 351 80.63 
355: 33 101.711 31 68.348 282 88.84200000000001 
356: 218 7.095 219 9.969 220 28.468999999999998 
357: 103 40.132 
358: 37 372.59999999999997 11 58.413000000000004 
359: 13 8.924 
360: 230 126.224 
361: 236 189.072 237 37.915 362 155.354 
362: 236 41.674 243 36.742 361 155.354 
363: 98 55.774 
364: 42 40.528 366 9.152 
365: 364 7.871999999999999 372 222.05200000000002 
366: 20 122.90899999999999 367 8.248000000000001 
367: 111 164.109 365 7.737 
368: 163 176.39100000000002 
369: 372 4.55 50 2.708 37 346.9579999999999 
370: 306 30.142 372 48.161 
371: 309 189.02999999999997 16 64.269 
372: 369 4.55 365 222.052 
373: 15 4.149 
374: 19 55.091 37 284.04999999999995 
375: 25 19.189 73 597.2810000000002 
376: 126 62.696999999999996 
377: 79 60.29 
378: 379 25.634 77 174.55700000000002 
379: 78 22.283 68 279.58500000000004 
380: 92 77.526 70 17.71 
381: 199 13.993 419 10.578 
382: 274 33.521 
383: 384 85.125 
384: 279 111.04 444 136.314 383 85.125 
385: 439 184.203 
386: 27 24.397 26 20.987 60 220.685 
387: 427 314.697 2 73.447 
388: 36 51.04 66 245.967 95 13.18 
389: 104 22.471 
390: 392 62.598 
391: 392 48.028999999999996 
392: 390 62.598 393 25.0 391 48.028999999999996 
393: 392 25.0 21 347.33 
394: 215 192.294 
395: 71 133.459 
396: 110 119.33699999999999 112 141.753 397 170.62099999999998 
397: 398 34.249 396 170.62099999999998 399 102.468 
398: 317 84.737 110 15.01 397 34.249 
399: 397 102.46799999999999 
400: 320 96.133 316 73.681 401 91.247 
401: 400 91.24700000000001 
402: 293 104.835 
403: 425 235.339 
404: 441 12.14 409 57.321 
405: 27 74.69800000000001 133 512.0620000000001 206 293.865 
406: 133 27.341 385 18.439999999999998 
407: 70 174.966 409 12.51 393 126.052 
408: 423 20.349 232 229.84 
409: 407 12.51 404 57.321 
410: 43 392.3020000000001 97 172.906 
411: 93 6.911 412 97.543 276 39.157 
412: 97 6.202 410 173.27200000000002 
413: 146 83.177 
414: 415 29.136 212 132.459 
415: 428 10.785 
416: 426 19.680000000000003 
417: 68 19.223 418 11.885000000000002 
418: 381 2.968 
419: 202 9.261000000000001 
420: 59 16.344 58 94.648 
421: 270 3.26 422 39.346 
422: 421 39.346 
423: 44 1.753 221 20.053 
424: 432 9.439 427 39.629999999999995 
425: 431 35.352000000000004 403 235.339 
426: 425 37.497 431 10.996 
427: 432 33.066 387 314.697 
428: 429 85.89099999999999 416 10.517 
429: 424 34.761 208 90.334 
430: 414 30.045 415 9.402 
431: 430 15.094000000000001 
432: 416 129.597 
433: 287 82.158 36 10.348 101 257.611 
434: 435 22.256999999999998 436 10.079 
435: 88 113.31700000000001 436 23.921 
436: 438 18.064999999999998 
437: 434 7.781000000000001 
438: 404 11.472 441 4.044 
439: 440 14.629999999999999 
440: 442 23.877999999999997 437 8.609 
441: 439 6.125 
442: 69 204.591 437 24.454 
443: 308 274.789 
444: 95 8.593 384 136.314 91 59.019999999999996 
---
139 180 376 110 109 370 264 320 275 280 348 400 283 290 66 350 
---
370 320 126 120 75 330 92 150 164 120 205 190 315 310 155 290 