17 15 36 9 317 401 321 327 508.414
99 103 105 106 107 298 301 306 307 371 51 63 123 108 109 18 17 15 36 9 317 401 321 327 1633.4
383 275 278 280 385 445 96 37 434 288 120 122 63 123 108 109 18 17 15 36 9 317 401 321 327 1407.09
235 239 234 241 213 415 431 432 427 417 433 428 388 2 1 56 4 215 217 218 222 424 409 233 87 240 242 70 443 441 440 442 405 410 253 256 40 41 54 270 42 67 389 96 37 434 288 120 122 63 123 108 109 18 17 15 36 9 317 401 321 327 4334.76
338 339 335 62 113 397 111 399 318 317 401 321 327 1206.04
17 15 36 19 20 16 374 109 108 123 63 51 370 373 366 368 367 365 43 296 279 1365.22
99 103 105 106 305 43 296 279 773.278
383 275 278 280 385 445 96 389 67 42 93 381 267 287 279 1322.3
235 239 234 241 213 415 431 432 427 417 433 428 388 2 1 56 4 215 217 218 222 424 409 233 87 240 242 70 443 441 440 442 405 410 408 71 267 287 279 2797.73
338 339 335 62 113 397 111 399 318 317 9 19 20 16 374 109 108 123 63 51 370 373 366 368 367 365 43 296 279 2100.77
17 15 36 9 317 318 399 398 172.46
99 103 105 106 107 298 301 306 307 371 51 63 123 108 109 18 17 15 36 9 317 318 399 398 1297.45
383 275 278 280 385 445 96 37 434 288 120 122 63 123 108 109 18 17 15 36 9 317 318 399 398 1071.14
235 239 234 241 213 415 431 432 427 417 433 428 388 2 1 56 4 215 217 218 222 424 409 233 87 240 242 70 443 441 440 442 405 410 253 256 40 41 54 270 42 67 389 96 37 434 288 120 122 63 123 108 109 18 17 15 36 9 317 318 399 398 3998.81
338 339 335 62 113 397 111 399 398 671.806
17 15 36 19 20 16 374 109 108 123 63 122 120 288 434 37 389 67 42 93 381 71 408 410 405 439 437 435 438 441 440 386 1735.62
99 103 105 106 305 43 296 64 66 22 394 408 410 405 439 437 435 438 441 440 386 1510.75
383 275 278 280 385 445 96 389 67 42 93 381 71 408 410 405 439 437 435 438 441 440 386 1474.74
235 239 234 241 213 415 431 432 427 417 433 428 388 2 1 56 4 215 217 218 222 424 409 233 87 240 242 70 443 441 440 386 2357.3
338 339 335 62 113 397 111 399 318 317 9 19 20 16 374 109 108 123 63 122 120 288 434 37 389 67 42 93 381 71 408 410 405 439 437 435 438 441 440 386 2471.17
17 15 36 9 317 318 399 111 397 113 62 336 342 805.383
99 103 105 106 107 298 301 306 307 371 51 63 123 108 109 18 17 15 36 9 317 318 399 111 397 113 62 336 342 1930.37
383 275 278 280 385 445 96 37 434 288 120 122 63 123 108 109 18 17 15 36 9 317 318 399 111 397 113 62 336 342 1704.06
235 239 234 241 213 415 431 432 427 417 433 428 388 2 1 56 4 215 217 218 222 424 409 233 87 240 242 70 443 441 440 442 405 410 253 256 40 41 54 270 42 67 389 96 37 434 288 120 122 63 123 108 109 18 17 15 36 9 317 318 399 111 397 113 62 336 342 4631.73
338 339 343 342 175.814
---
30